FID;type;ident;Latitude;Longitude;y_proj;x_proj;comment;display;symbol;dist;proximity;color;altitude;depth;temp;time;wpt_class;sub_class;attrib;link;state;country;city;address;zip;facility;crossroad;ete;dtype;model;filename;ltime;magvar;geoidheigh;desc_;fix;sat;hdop;vdop;pdop;ageofdgpsd;dgpsid;dir;a_quartier
0;WAYPOINT;Zone 01 Don Bosco;-1,642931300000000;29,230801599999999;-1,642931300000000;29,230801599999999; ; ; ;0,000000000000000; ; ;0,000000000000000;0,000000000000000;0,000000000000000;2023/07/19 12:08:56; ; ; ; ; ; ; ; ; ; ; ; ; ; ; ; ;0,000000000000000;0,000000000000000;@0,00km; ;0;0,0000000;0,0000000;0,0000000;0;0; ;Majengo
1;WAYPOINT;Zone 2;-1,642476300000000;29,236773899999999;-1,642476300000000;29,236773899999999; ; ; ;0,000000000000000; ; ;0,000000000000000;0,000000000000000;0,000000000000000;2023/07/19 12:22:38; ; ; ; ; ; ; ; ; ; ; ; ; ; ; ; ;0,000000000000000;0,000000000000000;@0,75km; ;0;0,0000000;0,0000000;0,0000000;0;0; ;Majengo
2;WAYPOINT;Zone 3;-1,646095300000000;29,231296600000000;-1,646095300000000;29,231296600000000; ; ; ;0,000000000000000; ; ;0,000000000000000;0,000000000000000;0,000000000000000;2023/07/19 12:37:53; ; ; ; ; ; ; ; ; ; ; ; ; ; ; ; ;0,000000000000000;0,000000000000000;@1,69km; ;0;0,0000000;0,0000000;0,0000000;0;0; ;Majengo
3;WAYPOINT;Zone 4;-1,647843300000000;29,228000999999999;-1,647843300000000;29,228000999999999; ; ; ;0,000000000000000; ; ;0,000000000000000;0,000000000000000;0,000000000000000;2023/07/19 12:55:25; ; ; ; ; ; ; ; ; ; ; ; ; ; ; ; ;0,000000000000000;0,000000000000000;@2,89km; ;0;0,0000000;0,0000000;0,0000000;0;0; ;Majengo
4;WAYPOINT;Zone 5;-1,649666900000000;29,225004200000001;-1,649666900000000;29,225004200000001; ; ; ;0,000000000000000; ; ;0,000000000000000;0,000000000000000;0,000000000000000;2023/07/19 13:12:52; ; ; ; ; ; ; ; ; ; ; ; ; ; ; ; ;0,000000000000000;0,000000000000000;@3,34km; ;0;0,0000000;0,0000000;0,0000000;0;0; ;Kasika
5;WAYPOINT;Zone 4 Saint Marc;-1,649322200000000;29,222645600000000;-1,649322200000000;29,222645600000000; ; ; ;0,000000000000000; ; ;0,000000000000000;0,000000000000000;0,000000000000000;2023/07/19 13:19:23; ; ; ; ; ; ; ; ; ; ; ; ; ; ; ; ;0,000000000000000;0,000000000000000;@3,57km; ;0;0,0000000;0,0000000;0,0000000;0;0; ;Kasika
6;WAYPOINT;Zone 7 kibweti ville;-1,649689400000000;29,218487000000000;-1,649689400000000;29,218487000000000; ; ; ;0,000000000000000; ; ;0,000000000000000;0,000000000000000;0,000000000000000;2023/07/19 13:27:40; ; ; ; ; ; ; ; ; ; ; ; ; ; ; ; ;0,000000000000000;0,000000000000000;@4,13km; ;0;0,0000000;0,0000000;0,0000000;0;0; ;Katoyi
7;WAYPOINT;Zone 08 Christ Roi;-1,651664900000000;29,216460999999999;-1,651664900000000;29,216460999999999; ; ; ;0,000000000000000; ; ;0,000000000000000;0,000000000000000;0,000000000000000;2023/07/19 13:33:04; ; ; ; ; ; ; ; ; ; ; ; ; ; ; ; ;0,000000000000000;0,000000000000000;@4,47km; ;0;0,0000000;0,0000000;0,0000000;0;0; ;Katoyi
8;WAYPOINT;Zone 09 Katindo 2;-1,654263000000000;29,212441200000001;-1,654263000000000;29,212441200000001; ; ; ;0,000000000000000; ; ;0,000000000000000;0,000000000000000;0,000000000000000;2023/07/19 13:40:25; ; ; ; ; ; ; ; ; ; ; ; ; ; ; ; ;0,000000000000000;0,000000000000000;@5,05km; ;0;0,0000000;0,0000000;0,0000000;0;0; ;Katoyi
9;WAYPOINT;Zone 10 Caritas;-1,655889200000000;29,210095800000001;-1,655889200000000;29,210095800000001; ; ; ;0,000000000000000; ; ;0,000000000000000;0,000000000000000;0,000000000000000;2023/07/19 13:44:47; ; ; ; ; ; ; ; ; ; ; ; ; ; ; ; ;0,000000000000000;0,000000000000000;@5,30km; ;0;0,0000000;0,0000000;0,0000000;0;0; ;Katoyi
10;WAYPOINT;Zone 11 katoyi;-1,657776900000000;29,207243299999998;-1,657776900000000;29,207243299999998; ; ; ;0,000000000000000; ; ;0,000000000000000;0,000000000000000;0,000000000000000;2023/07/19 13:49:32; ; ; ; ; ; ; ; ; ; ; ; ; ; ; ; ;0,000000000000000;0,000000000000000;@5,75km; ;0;0,0000000;0,0000000;0,0000000;0;0; ;Katoyi
11;WAYPOINT;Zone 12 chez David Saez;-1,659256400000000;29,205200900000001;-1,659256400000000;29,205200900000001; ; ; ;0,000000000000000; ; ;0,000000000000000;0,000000000000000;0,000000000000000;2023/07/19 13:53:29; ; ; ; ; ; ; ; ; ; ; ; ; ; ; ; ;0,000000000000000;0,000000000000000;@6,02km; ;0;0,0000000;0,0000000;0,0000000;0;0; ;Katoyi
12;WAYPOINT;Zone 14 Mosquée Katindo;-1,655757800000000;29,201062900000000;-1,655757800000000;29,201062900000000; ; ; ;0,000000000000000; ; ;0,000000000000000;0,000000000000000;0,000000000000000;2023/07/19 14:04:28; ; ; ; ; ; ; ; ; ; ; ; ; ; ; ; ;0,000000000000000;0,000000000000000;@6,63km; ;0;0,0000000;0,0000000;0,0000000;0;0; ;Katoyi
13;WAYPOINT;Zone 15 Nyabushongo;-1,653898300000000;29,198212300000002;-1,653898300000000;29,198212300000002; ; ; ;0,000000000000000; ; ;0,000000000000000;0,000000000000000;0,000000000000000;2023/07/19 14:11:43; ; ; ; ; ; ; ; ; ; ; ; ; ; ; ; ;0,000000000000000;0,000000000000000;@7,00km; ;0;0,0000000;0,0000000;0,0000000;0;0; ;Ndosho
14;WAYPOINT;Zone 16 CS la joie;-1,653691900000000;29,194455999999999;-1,653691900000000;29,194455999999999; ; ; ;0,000000000000000; ; ;0,000000000000000;0,000000000000000;0,000000000000000;2023/07/19 14:18:14; ; ; ; ; ; ; ; ; ; ; ; ; ; ; ; ;0,000000000000000;0,000000000000000;@7,48km; ;0;0,0000000;0,0000000;0,0000000;0;0; ;Ndosho
15;WAYPOINT;Zone 17 Hôpital Bethes;-1,653561100000000;29,188429500000002;-1,653561100000000;29,188429500000002; ; ; ;0,000000000000000; ; ;0,000000000000000;0,000000000000000;0,000000000000000;2023/07/19 14:34:20; ; ; ; ; ; ; ; ; ; ; ; ; ; ; ; ;0,000000000000000;0,000000000000000;@8,48km; ;0;0,0000000;0,0000000;0,0000000;0;0; ;Kyeshero
16;WAYPOINT;Zone 18 Faculté de Dro;-1,655932500000000;29,186362899999999;-1,655932500000000;29,186362899999999; ; ; ;0,000000000000000; ; ;0,000000000000000;0,000000000000000;0,000000000000000;2023/07/19 14:38:54; ; ; ; ; ; ; ; ; ; ; ; ; ; ; ; ;0,000000000000000;0,000000000000000;@8,84km; ;0;0,0000000;0,0000000;0,0000000;0;0; ;Kyeshero
17;WAYPOINT;Zone 19 Nyarubande;-1,659685500000000;29,180696500000000;-1,659685500000000;29,180696500000000; ; ; ;0,000000000000000; ; ;0,000000000000000;0,000000000000000;0,000000000000000;2023/07/19 14:57:18; ; ; ; ; ; ; ; ; ; ; ; ; ; ; ; ;0,000000000000000;0,000000000000000;@10,20km; ;0;0,0000000;0,0000000;0,0000000;0;0; ;Kyeshero
18;WAYPOINT;Zone 20;-1,664436400000000;29,178124400000002;-1,664436400000000;29,178124400000002; ; ; ;0,000000000000000; ; ;0,000000000000000;0,000000000000000;0,000000000000000;2023/07/19 15:06:35; ; ; ; ; ; ; ; ; ; ; ; ; ; ; ; ;0,000000000000000;0,000000000000000;@10,88km; ;0;0,0000000;0,0000000;0,0000000;0;0; ;Kyeshero
19;WAYPOINT;Zone 20-B Eegideso;-1,665589400000000;29,175553699999998;-1,665589400000000;29,175553699999998; ; ; ;0,000000000000000; ; ;0,000000000000000;0,000000000000000;0,000000000000000;2023/07/19 15:14:07; ; ; ; ; ; ; ; ; ; ; ; ; ; ; ; ;0,000000000000000;0,000000000000000;@11,32km; ;0;0,0000000;0,0000000;0,0000000;0;0; ;Kyeshero
20;WAYPOINT;Zone 21 katoyi;-1,659966800000000;29,206530999999998;-1,659966800000000;29,206530999999998; ; ; ;0,000000000000000; ; ;0,000000000000000;0,000000000000000;0,000000000000000;2023/07/19 16:08:00; ; ; ; ; ; ; ; ; ; ; ; ; ; ; ; ;0,000000000000000;0,000000000000000;@15,39km; ;0;0,0000000;0,0000000;0,0000000;0;0; ;Katoyi
21;WAYPOINT;Zone 22 katoyi;-1,662507200000000;29,218257999999999;-1,662507200000000;29,218257999999999; ; ; ;0,000000000000000; ; ;0,000000000000000;0,000000000000000;0,000000000000000;2023/07/19 16:24:12; ; ; ; ; ; ; ; ; ; ; ; ; ; ; ; ;0,000000000000000;0,000000000000000;@16,69km; ;0;0,0000000;0,0000000;0,0000000;0;0; ;Kasika
22;WAYPOINT;Zone 23 katoyi;-1,663525500000000;29,226323099999998;-1,663525500000000;29,226323099999998; ; ; ;0,000000000000000; ; ;0,000000000000000;0,000000000000000;0,000000000000000;2023/07/19 16:35:15; ; ; ; ; ; ; ; ; ; ; ; ; ; ; ; ;0,000000000000000;0,000000000000000;@17,63km; ;0;0,0000000;0,0000000;0,0000000;0;0; ;Mabanga Nord
23;WAYPOINT;Zone 24 Mabanga Nord;-1,665909300000000;29,229161800000000;-1,665909300000000;29,229161800000000; ; ; ;0,000000000000000; ; ;0,000000000000000;0,000000000000000;0,000000000000000;2023/07/19 16:46:09; ; ; ; ; ; ; ; ; ; ; ; ; ; ; ; ;0,000000000000000;0,000000000000000;@18,28km; ;0;0,0000000;0,0000000;0,0000000;0;0; ;Mabanga Nord
24;WAYPOINT;Zone 27 Mabanga Nord;-1,666216400000000;29,228318999999999;-1,666216400000000;29,228318999999999; ; ; ;0,000000000000000; ; ;0,000000000000000;0,000000000000000;0,000000000000000;2023/07/19 16:49:04; ; ; ; ; ; ; ; ; ; ; ; ; ; ; ; ;0,000000000000000;0,000000000000000;@18,46km; ;0;0,0000000;0,0000000;0,0000000;0;0; ;Mabanga Nord
25;WAYPOINT;Zone 30 Bima;-1,666640600000000;29,226796799999999;-1,666640600000000;29,226796799999999; ; ; ;0,000000000000000; ; ;0,000000000000000;0,000000000000000;0,000000000000000;2023/07/19 16:52:24; ; ; ; ; ; ; ; ; ; ; ; ; ; ; ; ;0,000000000000000;0,000000000000000;@18,70km; ;0;0,0000000;0,0000000;0,0000000;0;0; ;Mabanga Nord
26;WAYPOINT;Zone 28;-1,664142200000000;29,223217200000001;-1,664142200000000;29,223217200000001; ; ; ;0,000000000000000; ; ;0,000000000000000;0,000000000000000;0,000000000000000;2023/07/19 17:01:53; ; ; ; ; ; ; ; ; ; ; ; ; ; ; ; ;0,000000000000000;0,000000000000000;@19,31km; ;0;0,0000000;0,0000000;0,0000000;0;0; ;Mabanga Nord
27;WAYPOINT;Zone 29 chez murhula;-1,664297300000000;29,224131600000000;-1,664297300000000;29,224131600000000; ; ; ;0,000000000000000; ; ;0,000000000000000;0,000000000000000;0,000000000000000;2023/07/19 17:03:46; ; ; ; ; ; ; ; ; ; ; ; ; ; ; ; ;0,000000000000000;0,000000000000000;@19,41km; ;0;0,0000000;0,0000000;0,0000000;0;0; ;Mabanga Nord